image_width: 1280
image_height: 768
camera_name: narrow_stereo
camera_matrix:
  rows: 3
  cols: 3
  data: [863.060425, 0.000000, 626.518063, 0.000000, 863.348503, 357.765589, 0.000000, 0.000000, 1.000000]
distortion_model: plumb_bob
distortion_coefficients:
  rows: 1
  cols: 5
  data: [-0.082726, 0.069328, 0.000180, -0.002923, 0.000000]
rectification_matrix:
  rows: 3
  cols: 3
  data: [1.000000, 0.000000, 0.000000, 0.000000, 1.000000, 0.000000, 0.000000, 0.000000, 1.000000]
projection_matrix:
  rows: 3
  cols: 4
  data: [843.756714, 0.000000, 621.743579, 0.000000, 0.000000, 850.025024, 356.797704, 0.000000, 0.000000, 0.000000, 1.000000, 0.000000]
