image_width: 1280
image_height: 768
camera_name: narrow_stereo
camera_matrix:
  rows: 3
  cols: 3
  data: [1622.412925, 0.000000, 601.366953, 0.000000, 1619.246860, 414.637285, 0.000000, 0.000000, 1.000000]
distortion_model: plumb_bob
distortion_coefficients:
  rows: 1
  cols: 5
  data: [-0.144865, 0.216839, -0.002233, -0.003314, 0.000000]
rectification_matrix:
  rows: 3
  cols: 3
  data: [1.000000, 0.000000, 0.000000, 0.000000, 1.000000, 0.000000, 0.000000, 0.000000, 1.000000]
projection_matrix:
  rows: 3
  cols: 4
  data: [1591.535156, 0.000000, 597.275666, 0.000000, 0.000000, 1604.869263, 413.872872, 0.000000, 0.000000, 0.000000, 1.000000, 0.000000]
